Te dhenat: 2022-09-26 01:00:00 .. 2026-09-30 23:45:00   IS < 2025-07-01 <= OOS

=== Hyrja: donchian   kosto shtese 0 pike/tregti ===
       IS_trades  IS_win%  IS_avgR   IS_PF  IS_totR  IS_maxDD_R  IS_t-stat  OOS_trades  OOS_win%  OOS_avgR  OOS_PF  OOS_totR  OOS_maxDD_R  OOS_t-stat
base     1370.00    34.31    -0.06    0.91   -80.58       98.94      -1.66      614.00     35.99     -0.00    0.99     -1.87        33.67       -0.06
C        1362.00    37.89    -0.02    0.97   -24.54       48.23      -0.52      604.00     37.42      0.01    1.01      4.41        33.01        0.14
B        1370.00    33.21    -0.03    0.94   -43.14       58.97      -1.05      614.00     35.67      0.00    1.00      0.64        23.02        0.02
B+C      1362.00    35.98    -0.00    0.99    -5.66       43.53      -0.14      604.00     36.92      0.02    1.03      9.47        21.49        0.36
A         259.00    34.75    -0.08    0.88   -19.48       27.16      -0.95       79.00     34.18     -0.17    0.74    -13.24        18.28       -1.23
A+C       257.00    38.13    -0.04    0.93   -10.52       20.40      -0.52       79.00     35.44     -0.14    0.77    -11.39        17.24       -1.05
A+B       259.00    33.20    -0.10    0.81   -24.82       29.38      -1.49       79.00     31.65     -0.15    0.65    -12.06        15.16       -1.63
A+B+C     257.00    34.24    -0.07    0.87   -16.81       24.65      -0.97       79.00     32.91     -0.14    0.70    -10.73        14.76       -1.40

=== Hyrja: donchian   kosto shtese 10 pike/tregti ===
       IS_trades  IS_win%  IS_avgR   IS_PF  IS_totR  IS_maxDD_R  IS_t-stat  OOS_trades  OOS_win%  OOS_avgR  OOS_PF  OOS_totR  OOS_maxDD_R  OOS_t-stat
base     1370.00    34.01    -0.09    0.86  -121.80      137.54      -2.51      614.00     35.99     -0.01    0.98     -8.01        36.07       -0.25
C        1362.00    37.30    -0.04    0.93   -58.34       63.41      -1.24      604.00     37.42     -0.00    1.00     -1.05        35.14       -0.03
B        1370.00    33.21    -0.06    0.89   -78.93       93.18      -1.92      614.00     35.34     -0.01    0.98     -4.77        24.56       -0.18
B+C      1362.00    35.83    -0.03    0.95   -37.21       56.47      -0.89      604.00     36.59      0.01    1.02      4.52        22.90        0.17
A         259.00    34.75    -0.10    0.84   -26.12       31.90      -1.27       79.00     34.18     -0.18    0.72    -14.09        18.73       -1.32
A+C       257.00    36.96    -0.06    0.90   -15.83       24.13      -0.79       79.00     35.44     -0.15    0.76    -12.18        17.47       -1.12
A+B       259.00    33.20    -0.12    0.77   -30.22       33.76      -1.82       79.00     31.65     -0.16    0.64    -12.76        15.73       -1.72
A+B+C     257.00    34.24    -0.08    0.84   -21.59       28.50      -1.25       79.00     32.91     -0.14    0.68    -11.40        15.04       -1.49

=== Hyrja: momentum   kosto shtese 0 pike/tregti ===
       IS_trades  IS_win%  IS_avgR   IS_PF  IS_totR  IS_maxDD_R  IS_t-stat  OOS_trades  OOS_win%  OOS_avgR  OOS_PF  OOS_totR  OOS_maxDD_R  OOS_t-stat
base     1422.00    36.78     0.01    1.01     9.13       37.09       0.18      648.00     35.65     -0.05    0.91    -34.93        53.28       -1.09
C        1422.00    41.77     0.06    1.12    92.31       21.02       1.91      648.00     36.57     -0.03    0.94    -21.16        50.45       -0.67
B        1422.00    36.50    -0.00    0.99    -6.20       41.03      -0.14      648.00     36.11     -0.02    0.97    -10.26        28.76       -0.36
B+C      1422.00    40.58     0.04    1.09    60.71       20.70       1.39      648.00     37.19     -0.00    1.00     -0.59        31.88       -0.02
A         410.00    33.41    -0.10    0.85   -39.82       57.26      -1.54      126.00     33.33     -0.15    0.77    -18.44        24.28       -1.34
A+C       401.00    36.41    -0.07    0.89   -26.38       52.22      -1.06      126.00     33.33     -0.18    0.72    -22.18        26.18       -1.65
A+B       410.00    32.20    -0.11    0.79   -44.39       55.57      -2.09      126.00     31.75     -0.14    0.71    -18.25        24.04       -1.64
A+B+C     401.00    34.16    -0.08    0.84   -32.93       50.71      -1.53      126.00     31.75     -0.18    0.66    -22.14        25.94       -2.06

=== Hyrja: momentum   kosto shtese 10 pike/tregti ===
       IS_trades  IS_win%  IS_avgR   IS_PF  IS_totR  IS_maxDD_R  IS_t-stat  OOS_trades  OOS_win%  OOS_avgR  OOS_PF  OOS_totR  OOS_maxDD_R  OOS_t-stat
base     1422.00    36.71    -0.03    0.96   -40.10       62.20      -0.80      648.00     35.65     -0.06    0.89    -42.07        56.05       -1.31
C        1422.00    41.42     0.04    1.06    52.17       29.31       1.08      648.00     36.57     -0.04    0.93    -27.83        52.54       -0.88
B        1422.00    36.29    -0.03    0.93   -49.59       65.44      -1.14      648.00     35.80     -0.03    0.95    -16.86        31.21       -0.59
B+C      1422.00    40.37     0.02    1.03    22.65       32.65       0.52      648.00     36.88     -0.01    0.98     -6.84        33.52       -0.24
A         410.00    33.41    -0.12    0.81   -50.57       65.12      -1.95      126.00     33.33     -0.16    0.76    -19.83        25.38       -1.44
A+C       401.00    35.66    -0.09    0.86   -34.97       58.38      -1.40      126.00     33.33     -0.19    0.71    -23.43        27.18       -1.74
A+B       410.00    32.20    -0.13    0.75   -53.31       62.10      -2.51      126.00     31.75     -0.15    0.70    -19.46        25.01       -1.75
A+B+C     401.00    34.16    -0.10    0.80   -40.78       56.32      -1.89      126.00     31.75     -0.18    0.64    -23.26        26.84       -2.17

=== Hyrja: fade   kosto shtese 0 pike/tregti ===
       IS_trades  IS_win%  IS_avgR   IS_PF  IS_totR  IS_maxDD_R  IS_t-stat  OOS_trades  OOS_win%  OOS_avgR  OOS_PF  OOS_totR  OOS_maxDD_R  OOS_t-stat
base     1422.00    34.25    -0.08    0.87  -119.98      132.84      -2.47      648.00     37.81     -0.02    0.96    -15.20        32.65       -0.47
C        1422.00    37.34    -0.05    0.92   -64.39       96.52      -1.36      648.00     39.35     -0.02    0.97    -10.51        36.50       -0.33
B        1422.00    33.26    -0.07    0.87  -100.45      112.87      -2.37      648.00     36.57     -0.03    0.95    -17.27        28.95       -0.59
B+C      1422.00    36.36    -0.03    0.94   -45.85       77.00      -1.09      648.00     37.65     -0.02    0.96    -14.15        33.59       -0.49
A         417.00    38.85     0.06    1.10    24.53       19.42       0.91      133.00     36.84     -0.02    0.96     -2.97        19.26       -0.20
A+C       414.00    42.03     0.07    1.13    28.56       16.49       1.11      131.00     35.88     -0.12    0.81    -15.27        24.32       -1.10
A+B       417.00    38.37     0.08    1.18    31.92       15.18       1.45      133.00     37.59     -0.01    0.97     -1.86        18.41       -0.14
A+B+C     414.00    40.34     0.09    1.20    35.85       13.52       1.60      131.00     35.11     -0.10    0.81    -12.98        21.13       -1.07

=== Hyrja: fade   kosto shtese 10 pike/tregti ===
       IS_trades  IS_win%  IS_avgR   IS_PF  IS_totR  IS_maxDD_R  IS_t-stat  OOS_trades  OOS_win%  OOS_avgR  OOS_PF  OOS_totR  OOS_maxDD_R  OOS_t-stat
base     1422.00    34.04    -0.12    0.82  -169.40      176.17      -3.49      648.00     37.65     -0.03    0.94    -22.40        37.11       -0.70
C        1422.00    37.13    -0.07    0.88  -104.40      125.65      -2.21      648.00     39.20     -0.03    0.95    -17.20        40.35       -0.54
B        1422.00    32.98    -0.10    0.82  -143.00      150.20      -3.38      648.00     36.42     -0.04    0.93    -23.92        33.03       -0.82
B+C      1422.00    35.86    -0.06    0.89   -82.58      104.39      -1.96      648.00     37.50     -0.03    0.94    -20.41        37.45       -0.70
A         417.00    38.85     0.03    1.06    13.62       27.01       0.50      133.00     36.84     -0.03    0.95     -4.42        19.75       -0.30
A+C       414.00    41.79     0.05    1.09    19.79       22.41       0.77      131.00     35.88     -0.13    0.80    -16.57        25.50       -1.19
A+B       417.00    38.37     0.06    1.13    23.12       20.54       1.05      133.00     37.59     -0.02    0.95     -3.14        18.83       -0.24
A+B+C     414.00    40.10     0.07    1.15    28.06       17.35       1.25      131.00     35.11     -0.11    0.79    -14.15        21.51       -1.17
